-5.000	1.0620051896639317e-02	3.1592321874512864e-02	8.5916799433523750e-04
-4.990	1.0628643576584098e-02	3.1611656217982148e-02	1.7186661123686810e-03
-4.980	1.0645830237707677e-02	3.1650327107579063e-02	2.5788243778385421e-03
-4.970	1.0671618481486218e-02	3.1708338944691411e-02	3.4399726138890901e-03
-4.960	1.0706018207625014e-02	3.1785698320357630e-02	4.3024403432928311e-03
-4.950	1.0749042611057807e-02	3.1882414002973841e-02	5.1665566874144180e-03
-4.940	1.0800708177931419e-02	3.1998496920654845e-02	6.0326502660139354e-03
-4.930	1.0861034680591452e-02	3.2133960140396572e-02	6.9010490956773213e-03
-4.920	1.0930045171548034e-02	3.2288818841913230e-02	7.7720804889766792e-03
-4.910	1.1007765976439321e-02	3.2463090288308599e-02	8.6460709521189744e-03
-4.900	1.1094226685959553e-02	3.2656793791405930e-02	9.5233460832440369e-03
-4.890	1.1189460146791716e-02	3.2869950673995479e-02	1.0404230469048733e-02
-4.880	1.1293502451483015e-02	3.3102584226710835e-02	1.1289047581989370e-02
-4.870	1.1406392927302495e-02	3.3354719661867066e-02	1.2178119675707059e-02
-4.860	1.1528174124059761e-02	3.3626384062000775e-02	1.3071767680874065e-02
-4.850	1.1658891800868831e-02	3.3917606325352928e-02	1.3970311099209293e-02
-4.840	1.1798594911860506e-02	3.4228417106132641e-02	1.4874067897788361e-02
-4.830	1.1947335590837826e-02	3.4558848751754828e-02	1.5783354401426558e-02
-4.820	1.2105169134851905e-02	3.4908935234907373e-02	1.6698485185256767e-02
-4.810	1.2272153986704440e-02	3.5278712082634028e-02	1.7619772965303343e-02
-4.800	1.2448351716356968e-02	3.5668216300329986e-02	1.8547528489132409e-02
-4.790	1.2633827001248557e-02	3.6077486292783928e-02	1.9482060424429376e-02
-4.780	1.2828647605494096e-02	3.6506561780190155e-02	2.0423675247581402e-02
-4.770	1.3032884357969253e-02	3.6955483711306719e-02	2.1372677130075429e-02
-4.760	1.3246611129270284e-02	3.7424294171620041e-02	2.2329367824854320e-02
-4.750	1.3469904807518741e-02	3.7913036288745691e-02	2.3294046550402084e-02
-4.740	1.3702845273022780e-02	3.8421754132906841e-02	2.4267009874727838e-02
-4.730	1.3945515371770613e-02	3.8950492614726870e-02	2.5248551597020177e-02
-4.720	1.4198000887739795e-02	3.9499297378199308e-02	2.6238962629120940e-02
-4.710	1.4460390514031458e-02	4.0068214691038703e-02	2.7238530874649187e-02
-4.700	1.4732775822777497e-02	4.0657291330316161e-02	2.8247541107881066e-02
-4.690	1.5015251233856643e-02	4.1266574465575120e-02	2.9266274850223942e-02
-4.680	1.5307913982357930e-02	4.1896111537318662e-02	3.0295010246435314e-02
-4.670	1.5610864084822961e-02	4.2545950133098018e-02	3.1334021938399528e-02
-4.660	1.5924204304207382e-02	4.3216137859084805e-02	3.2383580938585108e-02
-4.650	1.6248040113593206e-02	4.3906722209313895e-02	3.3443954501114384e-02
-4.640	1.6582479658604415e-02	4.4617750430610684e-02	3.4515405992428291e-02
-4.630	1.6927633718529171e-02	4.5349269385240240e-02	3.5598194759589544e-02
-4.620	1.7283615666125022e-02	4.6101325409390284e-02	3.6692575998177865e-02
-4.610	1.7650541426105986e-02	4.6873964169518154e-02	3.7798800617828490e-02
-4.600	1.8028529432284557e-02	4.7667230514669603e-02	3.8917115107352948e-02
-4.590	1.8417700583358329e-02	4.8481168326776167e-02	4.0047761397554241e-02
-4.580	1.8818178197333446e-02	4.9315820367105315e-02	4.1190976723620362e-02
-4.570	1.9230087964569726e-02	5.0171228120815300e-02	4.2346993485255627e-02
-4.560	1.9653557899422254e-02	5.1047431637827170e-02	4.3516039106429469e-02
-4.550	2.0088718290486689e-02	5.1944469371966659e-02	4.4698335892897414e-02
-4.540	2.0535701649415539e-02	5.2862378016581738e-02	4.5894100889400311e-02
-4.530	2.0994642658309654e-02	5.3801192338598744e-02	4.7103545734688848e-02
-4.520	2.1465678115656542e-02	5.4760945009233300e-02	4.8326876516299341e-02
-4.510	2.1948946880819643e-02	5.5741666433329493e-02	4.9564293623221081e-02
-4.500	2.2444589817051847e-02	5.6743384575525371e-02	5.0815991598382154e-02
-4.490	2.2952749733035259e-02	5.7766124785230771e-02	5.2082158989148822e-02
-4.480	2.3473571322926722e-02	5.8809909618656911e-02	5.3362978197709576e-02
-4.470	2.4007201104903720e-02	5.9874758659834548e-02	5.4658625329572386e-02
-4.460	2.4553787358199387e-02	6.0960688338890512e-02	5.5969270042071820e-02
-4.450	2.5113480058620765e-02	6.2067711749528368e-02	5.7295075391111061e-02
-4.440	2.5686430812531361e-02	6.3195838463999510e-02	5.8636197678011814e-02
-4.430	2.6272792789311609e-02	6.4345074347472442e-02	5.9992786294746511e-02
-4.420	2.6872720652259128e-02	6.5515421370130320e-02	6.1364983569434511e-02
-4.410	2.7486370487952855e-02	6.6706877418919980e-02	6.2752924610312580e-02
-4.400	2.8113899734056293e-02	6.7919436107207479e-02	6.4156737150202231e-02
-4.390	2.8755467105558565e-02	6.9153086584411466e-02	6.5576541389541373e-02
-4.380	2.9411232519454475e-02	7.0407813343717804e-02	6.7012449840114813e-02
-4.370	3.0081357017855106e-02	7.1683596030052060e-02	6.8464567167525900e-02
-4.360	3.0766002689530201e-02	7.2980409246398578e-02	6.9932990034537484e-02
-4.350	3.1465332589876244e-02	7.4298222360625915e-02	7.1417806943350856e-02
-4.340	3.2179510659309636e-02	7.5636999310930084e-02	7.2919098078957773e-02
-4.330	3.2908701640099215e-02	7.6996698412064885e-02	7.4436935151609013e-02
-4.320	3.3653070991614985e-02	7.8377272160439021e-02	7.5971381240609412e-02
-4.310	3.4412784804021039e-02	7.9778667040328030e-02	7.7522490637410874e-02
-4.300	3.5188009710394964e-02	8.1200823329200839e-02	7.9090308690258126e-02
-4.290	3.5978912797297487e-02	8.2643674904449793e-02	8.0674871648401689e-02
-4.280	3.6785661513782118e-02	8.4107149049573490e-02	8.2276206508059446e-02
-4.270	3.7608423578861648e-02	8.5591166262020013e-02	8.3894330858200403e-02
-4.260	3.8447366887444281e-02	8.7095640060795829e-02	8.5529252728337543e-02
-4.250	3.9302659414727395e-02	8.8620476796054046e-02	8.7180970436404312e-02
-4.240	4.0174469119091033e-02	9.0165575458766176e-02	8.8849472438883012e-02
-4.230	4.1062963843480439e-02	9.1730827492667907e-02	9.0534737181293998e-02
-4.220	4.1968311215292944e-02	9.3316116606619190e-02	9.2236732951216469e-02
-4.210	4.2890678544806028e-02	9.4921318589568079e-02	9.3955417731945587e-02
-4.200	4.3830232722124843e-02	9.6546301126247888e-02	9.5690739058968965e-02
-4.190	4.4787140112715174e-02	9.8190923615815995e-02	9.7442633877354190e-02
-4.180	4.5761566451488940e-02	9.9855036991544133e-02	9.9211028402274512e-02
-4.170	4.6753676735510633e-02	1.0153848354380922e-01	1.0099583798074574e-01
-4.160	4.7763635115318323e-02	1.0324109674447790e-01	1.0279696695673302e-01
-4.150	4.8791604784886103e-02	1.0496270107486017e-01	1.0461430853792364e-01
-4.140	4.9837747870265070e-02	1.0670311185554965e-01	1.0644774466602362e-01
-4.130	5.0902225316925266e-02	1.0846213508002299e-01	1.0829714588913286e-01
-4.120	5.1985196775816804e-02	1.1023956725056794e-01	1.1016237123793593e-01
-4.110	5.3086820488196212e-02	1.1203519521829708e-01	1.1204326810430010e-01
-4.100	5.4207253169239362e-02	1.1384879602584930e-01	1.1393967212398520e-01
-4.090	5.5346649890479750e-02	1.1568013675450012e-01	1.1585140706212366e-01
-4.080	5.6505163961100120e-02	1.1752897437435006e-01	1.1777828470314022e-01
-4.070	5.7682946808132567e-02	1.1939505559927482e-01	1.1972010474375633e-01
-4.060	5.8880147855568249e-02	1.2127811674529387e-01	1.2167665469075728e-01
-4.050	6.0096914402477358e-02	1.2317788359404475e-01	1.2364770976220829e-01
-4.040	6.1333391500099019e-02	1.2509407126006022e-01	1.2563303279378152e-01
-4.030	6.2589721828036612e-02	1.2702638406352146e-01	1.2763237414880313e-01
-4.020	6.3866045569525062e-02	1.2897451540710281e-01	1.2964547163380769e-01
-4.010	6.5162500285862679e-02	1.3093814765870571e-01	1.3167205041815666e-01
-4.000	6.6479220790044202e-02	1.3291695203864423e-01	1.3371182295943579e-01
-3.990	6.7816339019639099e-02	1.3491058851300597e-01	1.3576448893332471e-01
-3.980	6.9173983908972086e-02	1.3691870569188680e-01	1.3782973516954916e-01
-3.970	7.0552281260668342e-02	1.3894094073411639e-01	1.3990723559261858e-01
-3.960	7.1951353616594840e-02	1.4097691925718248e-01	1.4199665116903651e-01
-3.950	7.3371320128284775e-02	1.4302625525404530e-01	1.4409762985957766e-01
-3.940	7.4812296426880365e-02	1.4508855101544169e-01	1.4620980657836538e-01
-3.930	7.6274394492663378e-02	1.4716339705941570e-01	1.4833280315739911e-01
-3.920	7.7757722524236988e-02	1.4925037206672814e-01	1.5046622831811338e-01
-3.910	7.9262384807418818e-02	1.5134904282373055e-01	1.5260967764878572e-01
-3.900	8.0788481583905988e-02	1.5345896417152163e-01	1.5476273358928480e-01
-3.890	8.2336108919798784e-02	1.5557967896288191e-01	1.5692496542186610e-01
-3.880	8.3905358574018526e-02	1.5771071802569289e-01	1.5909592926980756e-01
-3.870	8.5496317866716534e-02	1.5985160013463537e-01	1.6127516810221590e-01
-3.860	8.7109069547738810e-02	1.6200183198949894e-01	1.6346221174707551e-01
-3.850	8.8743691665209512e-02	1.6416090820217408e-01	1.6565657691068750e-01
-3.840	9.0400257434316539e-02	1.6632831129047401e-01	1.6785776720570109e-01
-3.830	9.2078835106373963e-02	1.6850351168098984e-01	1.7006527318575274e-01
-3.820	9.3779487838231451e-02	1.7068596771899183e-01	1.7227857238902586e-01
-3.810	9.5502273562121029e-02	1.7287512568768978e-01	1.7449712938859133e-01
-3.800	9.7247244856006804e-02	1.7507041983471108e-01	1.7672039585201302e-01
-3.790	9.9014448814527201e-02	1.7727127240827892e-01	1.7894781060796847e-01
-3.780	1.0080392692060659e-01	1.7947709370083911e-01	1.8117879972227444e-01
-3.770	1.0261571491783023e-01	1.8168728210252358e-01	1.8341277658128322e-01
-3.760	1.0444984268364245e-01	1.8390122416241264e-01	1.8564914198484314e-01
-3.750	1.0630633410348997e-01	1.8611829465978866e-01	1.8788728424680171e-01
-3.740	1.0818520694595873e-01	1.8833785668335520e-01	1.9012657930533641e-01
-3.730	1.1008647273901204e-01	1.9055926172070445e-01	1.9236639084100085e-01
-3.720	1.1201013664742232e-01	1.9278184975591747e-01	1.9460607040474157e-01
-3.710	1.1395619735146932e-01	1.9500494937754828e-01	1.9684495755380790e-01
-3.700	1.1592464692700753e-01	1.9722787789491139e-01	1.9908237999781400e-01
-3.690	1.1791547072698544e-01	1.9944994146492753e-01	2.0131765375282076e-01
-3.680	1.1992864726451380e-01	2.0167043522739211e-01	2.0355008330566385e-01
-3.670	1.2196414809757061e-01	2.0388864345088750e-01	2.0577896178646987e-01
-3.660	1.2402193771543535e-01	2.0610383968727769e-01	2.0800357115148937e-01
-3.650	1.2610197342695048e-01	2.0831528693690915e-01	2.1022318237424242e-01
-3.640	1.2820420525069326e-01	2.1052223782250989e-01	2.1243705564694196e-01
-3.630	1.3032857580716201e-01	2.1272393477374643e-01	2.1464444059052948e-01
-3.620	1.3247502021306834e-01	2.1491961022076891e-01	2.1684457647474986e-01
-3.610	1.3464346597781568e-01	2.1710848679816652e-01	2.1903669244707624e-01
-3.600	1.3683383290228573e-01	2.1928977755813933e-01	2.2122000777158968e-01
-3.590	1.3904603298000129e-01	2.2146268619398551e-01	2.2339373207679797e-01
-3.580	1.4127997030076939e-01	2.2362640727288469e-01	2.2555706561327621e-01
-3.570	1.4353554095690210e-01	2.2578012647885332e-01	2.2770919952033680e-01
-3.560	1.4581263295210525e-01	2.2792302086507604e-01	2.2984931610239503e-01
-3.550	1.4811112611312857e-01	2.3005425911627322e-01	2.3197658911433389e-01
-3.540	1.5043089200427220e-01	2.3217300182040324e-01	2.3409018405651622e-01
-3.530	1.5277179384483722e-01	2.3427840175034181e-01	2.3618925847863748e-01
-3.520	1.5513368642962438e-01	2.3636960415472819e-01	2.3827296229318246e-01
-3.510	1.5751641605255626e-01	2.3844574705873367e-01	2.4034043809751859e-01
-3.500	1.5991982043353123e-01	2.4050596157378157e-01	2.4239082150553837e-01
-3.490	1.6234372864858659e-01	2.4254937221712558e-01	2.4442324148772204e-01
-3.480	1.6478796106346305e-01	2.4457509724015097e-01	2.4643682072056416e-01
-3.470	1.6725232927066935e-01	2.4658224896633940e-01	2.4843067594424784e-01
-3.460	1.6973663603011241e-01	2.4856993413777306e-01	2.5040391832947984e-01
-3.450	1.7224067521340686e-01	2.5053725427108775e-01	2.5235565385229353e-01
-3.440	1.7476423175192948e-01	2.5248330602167623e-01	2.5428498367781760e-01
-3.430	1.7730708158870775e-01	2.5440718155713365e-01	2.5619100455173477e-01
-3.420	1.7986899163422493e-01	2.5630796893866536e-01	2.5807280920034670e-01
-3.410	1.8244971972622856e-01	2.5818475251136680e-01	2.5992948673816468e-01
-3.400	1.8504901459361070e-01	2.6003661330229039e-01	2.6176012308372754e-01
-3.390	1.8766661582444805e-01	2.6186262942699529e-01	2.6356380138242713e-01
-3.380	1.9030225383827193e-01	2.6366187650335621e-01	2.6533960243761828e-01
-3.370	1.9295564986264749e-01	2.6543342807390141e-01	2.6708660514792143e-01
-3.360	1.9562651591412716e-01	2.6717635603458451e-01	2.6880388695271523e-01
-3.350	1.9831455478365453e-01	2.6888973107198116e-01	2.7049052428328696e-01
-3.340	2.0101946002648752e-01	2.7057262310637448e-01	2.7214559302175817e-01
-3.330	2.0374091595670588e-01	2.7222410174284095e-01	2.7376816896529615e-01
-3.320	2.0647859764635820e-01	2.7384323672784239e-01	2.7535732829754755e-01
-3.310	2.0923217092933336e-01	2.7542909841325619e-01	2.7691214806493542e-01
-3.300	2.1200129240998219e-01	2.7698075822547996e-01	2.7843170665970873e-01
-3.290	2.1478560947657965e-01	2.7849728914149396e-01	2.7991508430727774e-01
-3.280	2.1758476031965238e-01	2.7997776616941183e-01	2.8136136355985664e-01
-3.270	2.2039837395525086e-01	2.8142126683553448e-01	2.8276962979378678e-01
-3.260	2.2322607025318861e-01	2.8282687167527759e-01	2.8413897171264296e-01
-3.250	2.2606745997031508e-01	2.8419366473006918e-01	2.8546848185348012e-01
-3.240	2.2892214478885020e-01	2.8552073404757117e-01	2.8675725709820965e-01
-3.230	2.3178971735983200e-01	2.8680717218720936e-01	2.8800439918756054e-01
-3.220	2.3466976135170750e-01	2.8805207672846284e-01	2.8920901523956583e-01
-3.210	2.3756185150410306e-01	2.8925455078384871e-01	2.9037021826998982e-01
-3.200	2.4046555368680320e-01	2.9041370351401402e-01	2.9148712771661672e-01
-3.190	2.4338042496396894e-01	2.9152865064685046e-01	2.9255886996486752e-01
-3.180	2.4630601366361765e-01	2.9259851499809614e-01	2.9358457887661882e-01
-3.170	2.4924185945238436e-01	2.9362242699529206e-01	2.9456339631961548e-01
-3.160	2.5218749341558061e-01	2.9459952520248334e-01	2.9549447269939144e-01
-3.150	2.5514243814257487e-01	2.9552895684757408e-01	2.9637696749130205e-01
-3.140	2.5810620781748789e-01	2.9640987834993643e-01	2.9721004977387033e-01
-3.130	2.6107830831522622e-01	2.9724145584947181e-01	2.9799289876212975e-01
-3.120	2.6405823730284766e-01	2.9802286573580400e-01	2.9872470434105708e-01
-3.110	2.6704548434625824e-01	2.9875329517769333e-01	2.9940466759852569e-01
-3.100	2.7003953102224398e-01	2.9943194265209933e-01	3.0003200135752101e-01
-3.090	2.7303985103581874e-01	3.0005801847262986e-01	3.0060593070707325e-01
-3.080	2.7604591034288922e-01	3.0063074531682848e-01	3.0112569353183216e-01
-3.070	2.7905716727820745e-01	3.0114935875222149e-01	3.0159054103944422e-01
-3.060	2.8207307268860216e-01	3.0161310776028222e-01	3.0199973828583737e-01
-3.050	2.8509307007146084e-01	3.0202125525841345e-01	3.0235256469758137e-01
-3.040	2.8811659571843684e-01	3.0237307861911444e-01	3.0264831459129971e-01
-3.030	2.9114307886434976e-01	3.0266787018630381e-01	3.0288629768943465e-01
-3.020	2.9417194184124362e-01	3.0289584137506986e-01	3.0307493604519731e-01
-3.010	2.9720269120169573e-01	3.0306539235956209e-01	3.0320449537131372e-01
-3.000	3.0023473615540885e-01	3.0318493977630961e-01	3.0326525834442980e-01
-2.990	3.0326738873885328e-01	3.0324474442289667e-01	3.0326569790433283e-01
-2.980	3.0630004571789637e-01	3.0324418093175670e-01	3.0320520856770677e-01
-2.970	3.0933209780357340e-01	3.0318264184686877e-01	3.0308320332739552e-01
-2.960	3.1236292983684727e-01	3.0305953810700620e-01	3.0289911413327336e-01
-2.950	3.1539192097818031e-01	3.0287429952351813e-01	3.0265239236552305e-01
-2.940	3.1841844490183535e-01	3.0262637525041419e-01	3.0234250930178946e-01
-2.930	3.2144186999485375e-01	3.0231523424821583e-01	3.0196895657612344e-01
-2.920	3.2446155956061479e-01	3.0194036573948718e-01	3.0153124663105585e-01
-2.910	3.2747687202692499e-01	3.0150127965738160e-01	3.0102891316044811e-01
-2.900	3.3048716115852933e-01	3.0099750708484663e-01	3.0046151154470002e-01
-2.890	3.3349177627397630e-01	3.0042860068606564e-01	2.9982861927631482e-01
-2.880	3.3649006246673940e-01	2.9979413512813219e-01	2.9912983637656271e-01
-2.870	3.3948136083050512e-01	2.9909370749369485e-01	2.9836478580225473e-01
-2.860	3.4246500868852753e-01	2.9832693768358148e-01	2.9753311384249431e-01
-2.850	3.4544033982695249e-01	2.9749346880926569e-01	2.9663449050483476e-01
-2.840	3.4840668473200059e-01	2.9659296757460102e-01	2.9566860989080784e-01
-2.830	3.5136337083090885e-01	2.9562512464678364e-01	2.9463519056030291e-01
-2.820	3.5430972273651196e-01	2.9458965501601997e-01	2.9353397588425834e-01
-2.810	3.5724506249535498e-01	2.9348629834335604e-01	2.9236473438556188e-01
-2.800	3.6016870983921045e-01	2.9231481929656217e-01	2.9112726006782602e-01
-2.790	3.6307998243988893e-01	2.9107500787373503e-01	2.8982137273164871e-01
-2.780	3.6597819616720562e-01	2.8976667971422249e-01	2.8844691827794983e-01
-2.770	3.6886266534998513e-01	2.8838967639645902e-01	2.8700376899804220e-01
-2.760	3.7173270303996525e-01	2.8694386572236436e-01	2.8549182385055588e-01
-2.750	3.7458762127847095e-01	2.8542914198842179e-01	2.8391100872430536e-01
-2.740	3.7742673136571370e-01	2.8384542624252007e-01	2.8226127668731060e-01
-2.730	3.8024934413258682e-01	2.8219266652676606e-01	2.8054260822119487e-01
-2.720	3.8305477021479872e-01	2.8047083810548618e-01	2.7875501144135445e-01
-2.710	3.8584232032921179e-01	2.7867994367880822e-01	2.7689852230198564e-01
-2.700	3.8861130555223172e-01	2.7682001358090286e-01	2.7497320478618320e-01
-2.690	3.9136103760009411e-01	2.7489110596309568e-01	2.7297915108042997e-01
-2.680	3.9409082911089832e-01	2.7289330696116404e-01	2.7091648173377919e-01
-2.670	3.9679999392823573e-01	2.7082673084711611e-01	2.6878534580113883e-01
-2.660	3.9948784738624721e-01	2.6869152016485570e-01	2.6658592097049522e-01
-2.650	4.0215370659595207e-01	2.6648784584956614e-01	2.6431841367389258e-01
-2.640	4.0479689073269109e-01	2.6421590733062489e-01	2.6198305918215575e-01
-2.630	4.0741672132451257e-01	2.6187593261803005e-01	2.5958012168304262e-01
-2.620	4.1001252254134313e-01	2.5946817837202252e-01	2.5710989434255149e-01
-2.610	4.1258362148476818e-01	2.5699292995562090e-01	2.5457269934935117e-01
-2.600	4.1512934847826188e-01	2.5445050147003517e-01	2.5196888794252531e-01
-2.590	4.1764903735768732e-01	2.5184123577314260e-01	2.4929884042156353e-01
-2.580	4.2014202576190324e-01	2.4916550447995556e-01	2.4656296613999928e-01
-2.570	4.2260765542330292e-01	2.4642370794647406e-01	2.4376170348076687e-01
-2.560	4.2504527245811030e-01	2.4361627523499163e-01	2.4089551981492718e-01
-2.550	4.2745422765625968e-01	2.4074366406249825e-01	2.3796491144226206e-01
-2.540	4.2983387677068191e-01	2.3780636073067490e-01	2.3497040351513859e-01
-2.530	4.3218358080583341e-01	2.3480488003887556e-01	2.3191254994379606e-01
-2.520	4.3450270630527121e-01	2.3173976517824485e-01	2.2879193328497321e-01
-2.510	4.3679062563812104e-01	2.2861158760888250e-01	2.2560916461215269e-01
-2.500	4.3904671728424288e-01	2.2542094691832709e-01	2.2236488336892896e-01
-2.490	4.4127036611793241e-01	2.2216847066285961e-01	2.1905975720400384e-01
-2.480	4.4346096368997295e-01	2.1885481419012559e-01	2.1569448178933309e-01
-2.470	4.4561790850786570e-01	2.1548066044459385e-01	2.1226978062008467e-01
-2.460	4.4774060631406681e-01	2.1204671975450756e-01	2.0878640479783694e-01
-2.450	4.4982847036204510e-01	2.0855372960175023e-01	2.0524513279569062e-01
-2.440	4.5188092169000188e-01	2.0500245437329478e-01	2.0164677020661875e-01
-2.430	4.5389738939206808e-01	2.0139368509555566e-01	1.9799214947417082e-01
-2.420	4.5587731088680977e-01	1.9772823915075416e-01	1.9428212960663555e-01
-2.410	4.5782013218287615e-01	1.9400695997639611e-01	1.9051759587356726e-01
-2.400	4.5972530814161211e-01	1.9023071674676278e-01	1.8669945948615779e-01
-2.390	4.6159230273647339e-01	1.8640040403789032e-01	1.8282865726038627e-01
-2.380	4.6342058930907759e-01	1.8251694147496655e-01	1.7890615126427722e-01
-2.370	4.6520965082172033e-01	1.7858127336346941e-01	1.7493292844822517e-01
-2.360	4.6695898010620246e-01	1.7459436830300146e-01	1.7091000025983660e-01
-2.350	4.6866808010880079e-01	1.7055721878526525e-01	1.6683840224238239e-01
-2.340	4.7033646413122421e-01	1.6647084077526886e-01	1.6271919361800979e-01
-2.330	4.7196365606740437e-01	1.6233627327690631e-01	1.5855345685527283e-01
-2.320	4.7354919063595768e-01	1.5815457788246612e-01	1.5434229722171322e-01
-2.310	4.7509261360817479e-01	1.5392683830679660e-01	1.5008684232133279e-01
-2.300	4.7659348203138829e-01	1.4965415990596476e-01	1.4578824161769555e-01
-2.290	4.7805136444756530e-01	1.4533766918114210e-01	1.4144766594259839e-01
-2.280	4.7946584110699103e-01	1.4097851326765287e-01	1.3706630699081346e-01
-2.270	4.8083650417689922e-01	1.3657785940968403e-01	1.3264537680099109e-01
-2.260	4.8216295794490927e-01	1.3213689442074195e-01	1.2818610722344959e-01
-2.250	4.8344481901714365e-01	1.2765682413057894e-01	1.2368974937479432e-01
-2.240	4.8468171651089126e-01	1.2313887281852848e-01	1.1915757307994840e-01
-2.230	4.8587329224169090e-01	1.1858428263382864e-01	1.1459086630182641e-01
-2.220	4.8701920090470879e-01	1.1399431300316248e-01	1.0999093455922365e-01
-2.210	4.8811911025030119e-01	1.0937024002598456e-01	1.0535910033302559e-01
-2.200	4.8917270125363171e-01	1.0471335585773683e-01	1.0069670246150736e-01
-2.190	4.9017966827824683e-01	1.0002496808172084e-01	9.6005095524596518e-02
-2.180	4.9113971923349303e-01	9.5306399069498005e-02	9.1285649218161291e-02
-2.170	4.9205257572567457e-01	9.0558985330878194e-02	8.6539747718196558e-02
-2.160	4.9291797320285635e-01	8.5784076853368696e-02	8.1768789035734868e-02
-2.150	4.9373566109321365e-01	8.0983036431908018e-02	7.6974184362483433e-02
-2.140	4.9450540293683842e-01	7.6157238988886322e-02	7.2157357408328016e-02
-2.130	4.9522697651092162e-01	7.1308070885592156e-02	6.7319743730279324e-02
-2.120	4.9590017394822450e-01	6.6436929224662267e-02	6.2462790054267636e-02
-2.110	4.9652480184876763e-01	6.1545221144938544e-02	5.7587953589248841e-02
-2.100	4.9710068138466001e-01	5.6634363108198471e-02	5.2696701335247897e-02
-2.090	4.9762764839801255e-01	5.1705780179383820e-02	4.7790509384576685e-02
-2.080	4.9810555349185837e-01	4.6760905299567834e-02	4.2870862217960548e-02
-2.070	4.9853426211403790e-01	4.1801178553396601e-02	3.7939251994911993e-02
-2.060	4.9891365463398724e-01	3.6828046430344763e-02	3.2997177839875380e-02
-2.050	4.9924362641238584e-01	3.1842961081313403e-02	2.8046145123749866e-02
-2.040	4.9952408786362329e-01	2.6847379570179741e-02	2.3087664742141689e-02
-2.030	4.9975496451104490e-01	2.1842763121654063e-02	1.8123252390012556e-02
-2.020	4.9993619703494474e-01	1.6830576365114536e-02	1.3154427834036586e-02
-2.010	5.0006774131328535e-01	1.1812286575736852e-02	8.1827141825069893e-03
-2.000	5.0014956845510994e-01	6.7893629127670496e-03	3.2096371538957169e-03
-1.990	5.0018166482664894e-01	1.7632756560437279e-03	-1.7632756560437279e-03
-1.980	5.0016403207008864e-01	-3.2645045593312494e-03	-6.7344955073315171e-03
-1.970	5.0009668711501509e-01	-8.2925075088690625e-03	-1.1702493249374835e-02
-1.960	4.9997966218252160e-01	-1.3319264145509324e-02	-1.6665740053641853e-02
-1.950	4.9981300478198509e-01	-1.8343307365868144e-02	-2.1622708145798364e-02
-1.940	4.9959677770052685e-01	-2.3363172776313335e-02	-2.6571871536013647e-02
-1.930	4.9933105898516628e-01	-2.8377399457562846e-02	-3.1511706747500423e-02
-1.920	4.9901594191769122e-01	-3.3384530727861572e-02	-3.6440693542353131e-02
-1.910	4.9865153498226811e-01	-3.8383114903788318e-02	-4.1357315644520221e-02
-1.900	4.9823796182582264e-01	-4.3371706058519643e-02	-4.6260061459014401e-02
-1.890	4.9777536121123306e-01	-4.8348864776640410e-02	-5.1147424787320372e-02
-1.880	4.9726388696336010e-01	-5.3313158905447355e-02	-5.6017905537993629e-02
-1.870	4.9670370790797996e-01	-5.8263164301725734e-02	-6.0870010432461430e-02
-1.860	4.9609500780365540e-01	-6.3197465573996192e-02	-6.5702253704933766e-02
-1.850	4.9543798526660571e-01	-6.8114656819123653e-02	-7.0513157796753378e-02
-1.840	4.9473285368863806e-01	-7.3013342353600408e-02	-7.5301254043614041e-02
-1.830	4.9397984114820193e-01	-7.7892137437916398e-02	-8.0065083356469391e-02
-1.820	4.9317919031463719e-01	-8.2749668994821113e-02	-8.4803196894282340e-02
-1.810	4.9233115834569413e-01	-8.7584576319607643e-02	-8.9514156729478322e-02
-1.800	4.9143601677839965e-01	-9.2395511783263051e-02	-9.4196536504396355e-02
-1.790	4.9049405141335506e-01	-9.7181141526758053e-02	-9.8848922079548207e-02
-1.780	4.8950556219255981e-01	-1.0194014614726482e-01	-1.0346991217197948e-01
-1.770	4.8847086307084031e-01	-1.0667122137457491e-01	-1.0805811898444079e-01
-1.760	4.8739028188099570e-01	-1.1137307873840135e-01	-1.1261216882398478e-01
-1.750	4.8626416019275620e-01	-1.1604444622515658e-01	-1.1713070271049281e-01
-1.740	4.8509285316565126e-01	-1.2068406892468458e-01	-1.2161237697379218e-01
-1.730	4.8387672939591320e-01	-1.2529070966558226e-01	-1.2605586383980216e-01
-1.720	4.8261617075751523e-01	-1.2986314963952073e-01	-1.3045985200467086e-01
-1.710	4.8131157223746862e-01	-1.3440018901350054e-01	-1.3482304719716337e-01
-1.700	4.7996334176549676e-01	-1.3890064753027026e-01	-1.3914417272819607e-01
-1.690	4.7857190003821465e-01	-1.4336336509577535e-01	-1.4342197002797624e-01
-1.680	4.7713768033793585e-01	-1.4778720235406467e-01	-1.4765519916959552e-01
-1.670	4.7566112834623958e-01	-1.5217104124846831e-01	-1.5184263937964976e-01
-1.660	4.7414270195244279e-01	-1.5651378556958723e-01	-1.5598308953459189e-01
-1.650	4.7258287105709701e-01	-1.6081436148876838e-01	-1.6007536864342720e-01
-1.640	4.7098211737066231e-01	-1.6507171807763643e-01	-1.6411831631564222e-01
-1.630	4.6934093420750589e-01	-1.6928482781253679e-01	-1.6811079321509403e-01
-1.620	4.6765982627535507e-01	-1.7345268706457928e-01	-1.7205168149825861e-01
-1.610	4.6593930946037199e-01	-1.7757431657364259e-01	-1.7593988523805187e-01
-1.600	4.6417991060799130e-01	-1.8164876190751250e-01	-1.7977433083174793e-01
-1.590	4.6238216729967396e-01	-1.8567509390463638e-01	-1.8355396739363988e-01
-1.580	4.6054662762573745e-01	-1.8965240910109660e-01	-1.8727776713180705e-01
-1.570	4.5867384995441962e-01	-1.9357983014112540e-01	-1.9094472570883780e-01
-1.560	4.5676440269733104e-01	-1.9745650617096294e-01	-1.9455386258644308e-01
-1.550	4.5481886407146688e-01	-2.0128161321595056e-01	-1.9810422135377603e-01
-1.540	4.5283782185792892e-01	-2.0505435454062426e-01	-2.0159487003927240e-01
-1.530	4.5082187315753591e-01	-2.0877396099157702e-01	-2.0502490140586382e-01
-1.520	4.4877162414347738e-01	-2.1243969132289398e-01	-2.0839343322946718e-01
-1.510	4.4668768981118234e-01	-2.1605083250401175e-01	-2.1169960856066666e-01
-1.500	4.4457069372557684e-01	-2.1960670000986537e-01	-2.1494259596957654e-01
-1.490	4.4242126776588070e-01	-2.2310663809326120e-01	-2.1812158977360213e-01
-1.480	4.4024005186814480e-01	-2.2655002003913943e-01	-2.2123581024813360e-01
-1.470	4.3802769376566353e-01	-2.2993624840070431e-01	-2.2428450382033055e-01
-1.460	4.3578484872746032e-01	-2.3326475521752504e-01	-2.2726694324567648e-01
-1.450	4.3351217929500335e-01	-2.3653500221522794e-01	-2.3018242776744380e-01
-1.440	4.3121035501732913e-01	-2.3974648098686718e-01	-2.3303028325896885e-01
-1.430	4.2888005218474046e-01	-2.4289871315580996e-01	-2.3580986234895068e-01
-1.420	4.2652195356125000e-01	-2.4599125052029119e-01	-2.3852054452960553e-01
-1.410	4.2413674811595398e-01	-2.4902367517940682e-01	-2.4116173624783421e-01
-1.400	4.2172513075347606e-01	-2.5199559964064644e-01	-2.4373287097933094e-01
-1.390	4.1928780204368232e-01	-2.5490666690882707e-01	-2.4623340928587895e-01
-1.380	4.1682546795082354e-01	-2.5775655055660701e-01	-2.4866283885593116e-01
-1.370	4.1433883956226403e-01	-2.6054495477661604e-01	-2.5102067452835636e-01
-1.360	4.1182863281698084e-01	-2.6327161441501917e-01	-2.5330645829955495e-01
-1.350	4.0929556823398544e-01	-2.6593629498664967e-01	-2.5551975931445098e-01
-1.340	4.0674037064084106e-01	-2.6853879267214498e-01	-2.5766017384063566e-01
-1.330	4.0416376890243455e-01	-2.7107893429630275e-01	-2.5972732522712833e-01
-1.320	4.0156649565016367e-01	-2.7355657728904653e-01	-2.6172086384630483e-01
-1.310	3.9894928701170074e-01	-2.7597160962748452e-01	-2.6364046702079297e-01
-1.300	3.9631288234149270e-01	-2.7832394976079083e-01	-2.6548583893415251e-01
-1.290	3.9365802395215105e-01	-2.8061354651665632e-01	-2.6725671052684691e-01
-1.280	3.9098545684688313e-01	-2.8284037899073877e-01	-2.6895283937634762e-01
-1.270	3.8829592845311856e-01	-2.8500445641789246e-01	-2.7057400956292338e-01
-1.260	3.8559018835748987e-01	-2.8710581802664870e-01	-2.7212003152019204e-01
-1.250	3.8286898804228847e-01	-2.8914453287595338e-01	-2.7359074187198545e-01
-1.240	3.8013308062356843e-01	-2.9112069967563797e-01	-2.7498600325419259e-01
-1.230	3.7738322059102586e-01	-2.9303444658921945e-01	-2.7630570412353012e-01
-1.220	3.7462016354979166e-01	-2.9488593102090527e-01	-2.7754975855201464e-01
-1.210	3.7184466596427074e-01	-2.9667533938549412e-01	-2.7871810600898433e-01
-1.200	3.6905748490418128e-01	-2.9840288686295185e-01	-2.7981071112922068e-01
-1.190	3.6625937779288864e-01	-3.0006881713614464e-01	-2.8082756346926663e-01
-1.180	3.6345110215819615e-01	-3.0167340211374549e-01	-2.8176867725064247e-01
-1.170	3.6063341538569083e-01	-3.0321694163693691e-01	-2.8263409109195348e-01
-1.160	3.5780707447477011e-01	-3.0469976317183223e-01	-2.8342386772844574e-01
-1.150	3.5497283579748606e-01	-3.0612222148610835e-01	-2.8413809372100562e-01
-1.140	3.5213145486027525e-01	-3.0748469831175707e-01	-2.8477687915365124e-01
-1.130	3.4928368606873939e-01	-3.0878760199293676e-01	-2.8534035732113594e-01
-1.120	3.4643028249552849e-01	-3.1003136712046692e-01	-2.8582868440560943e-01
-1.110	3.4357199565147195e-01	-3.1121645415184562e-01	-2.8624203914410340e-01
-1.100	3.4070957526003054e-01	-3.1234334901848593e-01	-2.8658062248620864e-01
-1.090	3.3784376903516922e-01	-3.1341256271944895e-01	-2.8684465724293073e-01
-1.080	3.3497532246273876e-01	-3.1442463090261230e-01	-2.8703438772693424e-01
-1.070	3.3210497858546956e-01	-3.1538011343340400e-01	-2.8715007938442549e-01
-1.060	3.2923347779162526e-01	-3.1627959395127875e-01	-2.8719201841929226e-01
-1.050	3.2636155760743324e-01	-3.1712367941450004e-01	-2.8716051140983878e-01
-1.040	3.2348995249333473e-01	-3.1791299963348385e-01	-2.8705588491869205e-01
-1.030	3.2061939364414754e-01	-3.1864820679322226e-01	-2.8687848509581870e-01
-1.020	3.1775060879318928e-01	-3.1932997496466675e-01	-2.8662867727563479e-01
-1.010	3.1488432202043293e-01	-3.1995899960598539e-01	-2.8630684556827901e-01
-1.000	3.1202125356474941e-01	-3.2053599705369651e-01	-2.8591339244574521e-01
-0.990	3.0916211964029255e-01	-3.2106170400432577e-01	-2.8544873832290352e-01
-0.980	3.0630763225706370e-01	-3.2153687698655398e-01	-2.8491332113420220e-01
-0.970	3.0345849904572253e-01	-3.2196229182459035e-01	-2.8430759590630217e-01
-0.960	3.0061542308665895e-01	-3.2233874309297089e-01	-2.8363203432727963e-01
-0.950	2.9777910274338532e-01	-3.2266704356335346e-01	-2.8288712431236845e-01
-0.940	2.9495023150026273e-01	-3.2294802364325820e-01	-2.8207336956717272e-01
-0.930	2.9212949780459019e-01	-3.2318253080760001e-01	-2.8119128914841091e-01
-0.920	2.8931758491310566e-01	-3.2337142902306087e-01	-2.8024141702304256e-01
-0.910	2.8651517074287558e-01	-3.2351559816608672e-01	-2.7922430162556217e-01
-0.900	2.8372292772661972e-01	-3.2361593343426226e-01	-2.7814050541441510e-01
-0.890	2.8094152267247569e-01	-3.2367334475198889e-01	-2.7699060442772500e-01
-0.880	2.7817161662819845e-01	-3.2368875617059972e-01	-2.7577518783900462e-01
-0.870	2.7541386474980856e-01	-3.2366310526356651e-01	-2.7449485751264097e-01
-0.860	2.7266891617468197e-01	-3.2359734251656186e-01	-2.7315022756031043e-01
-0.850	2.6993741389907855e-01	-3.2349243071349154e-01	-2.7174192389812613e-01
-0.840	2.6721999466009783e-01	-3.2334934431829010e-01	-2.7027058380550517e-01
-0.830	2.6451728882204212e-01	-3.2316906885344232e-01	-2.6873685548541704e-01
-0.820	2.6182992026718782e-01	-3.2295260027487926e-01	-2.6714139762699562e-01
-0.810	2.5915850629091786e-01	-3.2270094434420865e-01	-2.6548487897071243e-01
-0.800	2.5650365750121107e-01	-3.2241511599848377e-01	-2.6376797787624479e-01
-0.790	2.5386597772244884e-01	-3.2209613871762677e-01	-2.6199138189407656e-01
-0.780	2.5124606390350784e-01	-3.2174504389055070e-01	-2.6015578734006617e-01
-0.770	2.4864450603010751e-01	-3.2136287017921372e-01	-2.5826189887463835e-01
-0.760	2.4606188704136051e-01	-3.2095066288227270e-01	-2.5631042908576995e-01
-0.750	2.4349878275050141e-01	-3.2050947329751678e-01	-2.5430209807723869e-01
-0.740	2.4095576176973041e-01	-3.2004035808455877e-01	-2.5223763306120828e-01
-0.730	2.3843338543911902e-01	-3.1954437862689589e-01	-2.5011776795666729e-01
-0.720	2.3593220775955132e-01	-3.1902260039486441e-01	-2.4794324299306991e-01
-0.710	2.3345277532962078e-01	-3.1847609230886886e-01	-2.4571480432043880e-01
-0.700	2.3099562728641709e-01	-3.1790592610419266e-01	-2.4343320362506227e-01
-0.690	2.2856129525016711e-01	-3.1731317569655970e-01	-2.4109919775222266e-01
-0.680	2.2615030327264382e-01	-3.1669891654989241e-01	-2.3871354833530950e-01
-0.670	2.2376316778929101e-01	-3.1606422504573756e-01	-2.3627702143244239e-01
-0.660	2.2140039757496724e-01	-3.1541017785548137e-01	-2.3379038716989459e-01
-0.650	2.1906249370326741e-01	-3.1473785131472426e-01	-2.3125441939342412e-01
-0.640	2.1674994950933274e-01	-3.1404832080099215e-01	-2.2866989532715160e-01
-0.630	2.1446325055606183e-01	-3.1334266011449802e-01	-2.2603759524075856e-01
-0.620	2.1220287460365453e-01	-3.1262194086278111e-01	-2.2335830212450719e-01
-0.610	2.0996929158240873e-01	-3.1188723184883743e-01	-2.2063280137299340e-01
-0.600	2.0776296356867824e-01	-3.1113959846371891e-01	-2.1786188047726635e-01
-0.590	2.0558434476390652e-01	-3.1038010208333705e-01	-2.1504632872607671e-01
-0.580	2.0343388147664521e-01	-3.0960979947033335e-01	-2.1218693691567364e-01
-0.570	2.0131201210748936e-01	-3.0882974218053755e-01	-2.0928449706899349e-01
-0.560	1.9921916713680005e-01	-3.0804097597497543e-01	-2.0633980216404751e-01
-0.550	1.9715576911515809e-01	-3.0724454023733488e-01	-2.0335364587154398e-01
-0.540	1.9512223265644413e-01	-3.0644146739707651e-01	-2.0032682230240623e-01
-0.530	1.9311896443341908e-01	-3.0563278235895669e-01	-1.9726012576441326e-01
-0.520	1.9114636317577643e-01	-3.0481950193832069e-01	-1.9415435052894531e-01
-0.510	1.8920481967048608e-01	-3.0400263430332491e-01	-1.9101029060727320e-01
-0.500	1.8729471676441212e-01	-3.0318317842363968e-01	-1.8782873953706153e-01
-0.490	1.8541642936904307e-01	-3.0236212352646846e-01	-1.8461049017836745e-01
-0.480	1.8357032446725929e-01	-3.0154044855932988e-01	-1.8135633452000138e-01
-0.470	1.8175676112205921e-01	-3.0071912166064074e-01	-1.7806706349562229e-01
-0.460	1.7997609048710331e-01	-2.9989909963763367e-01	-1.7474346681026637e-01
-0.450	1.7822865581900066e-01	-2.9908132745248533e-01	-1.7138633277648258e-01
-0.440	1.7651479249123464e-01	-2.9826673771604739e-01	-1.6799644816088033e-01
-0.430	1.7483482800962624e-01	-2.9745625019011274e-01	-1.6457459804050539e-01
-0.420	1.7318908202922118e-01	-2.9665077129791539e-01	-1.6112156566954761e-01
-0.410	1.7157786637252542e-01	-2.9585119364350038e-01	-1.5763813235567842e-01
-0.400	1.7000148504896917e-01	-2.9505839553951102e-01	-1.5412507734666087e-01
-0.390	1.6846023427550191e-01	-2.9427324054423892e-01	-1.5058317772655544e-01
-0.380	1.6695440249823718e-01	-2.9349657700749165e-01	-1.4701320832222620e-01
-0.370	1.6548427041501385e-01	-2.9272923762620312e-01	-1.4341594161902821e-01
-0.360	1.6405011099882533e-01	-2.9197203900891611e-01	-1.3979214768661374e-01
-0.350	1.6265218952195826e-01	-2.9122578125028764e-01	-1.3614259411399687e-01
-0.340	1.6129076358081892e-01	-2.9049124751504535e-01	-1.3246804595439571e-01
-0.330	1.5996608312127369e-01	-2.8976920363213460e-01	-1.2876926567900832e-01
-0.320	1.5867839046448431e-01	-2.8906039769846764e-01	-1.2504701314029937e-01
-0.310	1.5742792033308192e-01	-2.8836555969315070e-01	-1.2130204554421598e-01
-0.300	1.5621489987763826e-01	-2.8768540110184909e-01	-1.1753511743121542e-01
-0.290	1.5503954870332806e-01	-2.8702061455143596e-01	-1.1374698066630201e-01
-0.280	1.5390207889666485e-01	-2.8637187345543541e-01	-1.0993838443728116e-01
-0.270	1.5280269505228944e-01	-2.8573983166973965e-01	-1.0611007526162486e-01
-0.260	1.5174159429967529e-01	-2.8512512315927435e-01	-1.0226279700139429e-01
-0.250	1.5071896632966023e-01	-2.8452836167535628e-01	-9.8397290886340638e-02
-0.240	1.4973499342079760e-01	-2.8395014044417660e-01	-9.4514295544505245e-02
-0.230	1.4878985046535287e-01	-2.8339103186601916e-01	-9.0614547040577975e-02
-0.220	1.4788370499494527e-01	-2.8285158722579495e-01	-8.6698778921470765e-02
-0.210	1.4701671720573081e-01	-2.8233233641464112e-01	-8.2767722269158517e-02
-0.200	1.4618903998304039e-01	-2.8183378766297712e-01	-7.8822105760126382e-02
-0.190	1.4540081892543993e-01	-2.8135642728468135e-01	-7.4862655731575578e-02
-0.180	1.4465219236812307e-01	-2.8090071943278661e-01	-7.0890096253945933e-02
-0.170	1.4394329140558426e-01	-2.8046710586672985e-01	-6.6905149209541437e-02
-0.160	1.4327423991348687e-01	-2.8005600573111472e-01	-6.2908534376894809e-02
-0.150	1.4264515456972016e-01	-2.7966781534605079e-01	-5.8900969520700119e-02
-0.140	1.4205614487451143e-01	-2.7930290800920443e-01	-5.4883170486977439e-02
-0.130	1.4150731316964366e-01	-2.7896163380957495e-01	-5.0855851303277966e-02
-0.120	1.4099875465660958e-01	-2.7864431945311241e-01	-4.6819724283454933e-02
-0.110	1.4053055741377557e-01	-2.7835126810007876e-01	-4.2775500136780775e-02
-0.100	1.4010280241240763e-01	-2.7808275921427134e-01	-3.8723888081234781e-02
-0.090	1.3971556353159492e-01	-2.7783904842426616e-01	-3.4665595960473417e-02
-0.080	1.3936890757199194e-01	-2.7762036739652463e-01	-3.0601330364276147e-02
-0.070	1.3906289426834786e-01	-2.7742692372052885e-01	-2.6531796751987413e-02
-0.060	1.3879757630082892e-01	-2.7725890080582921e-01	-2.2457699579018109e-02
-0.050	1.3857299930503672e-01	-2.7711645779134297e-01	-1.8379742425478462e-02
-0.040	1.3838920188078338e-01	-2.7699972946638884e-01	-1.4298628127412616e-02
-0.030	1.3824621559950911e-01	-2.7690882620427504e-01	-1.0215058909340935e-02
-0.020	1.3814406501041412e-01	-2.7684383390742123e-01	-6.1297365188045516e-03
-0.010	1.3808276764522803e-01	-2.7680481396513518e-01	-2.0433623616050722e-03
0.000	1.3806233402161108e-01	-2.7679180322304092e-01	2.0433623616119001e-03
0.010	1.3808276764522684e-01	-2.7680481396512285e-01	6.1297365187976127e-03
0.020	1.3814406501041571e-01	-2.7684383390742145e-01	1.0215058909334218e-02
0.030	1.3824621559950767e-01	-2.7690882620428864e-01	1.4298628127420721e-02
0.040	1.3838920188078263e-01	-2.7699972946638618e-01	1.8379742425482848e-02
0.050	1.3857299930503722e-01	-2.7711645779133176e-01	2.2457699579012502e-02
0.060	1.3879757630082723e-01	-2.7725890080582904e-01	2.6531796751978920e-02
0.070	1.3906289426834825e-01	-2.7742692372053740e-01	3.0601330364279755e-02
0.080	1.3936890757199100e-01	-2.7762036739652657e-01	3.4665595960483520e-02
0.090	1.3971556353159501e-01	-2.7783904842426438e-01	3.8723888081237667e-02
0.100	1.4010280241240755e-01	-2.7808275921426279e-01	4.2775500136767508e-02
0.110	1.4053055741377424e-01	-2.7835126810008365e-01	4.6819724283455100e-02
0.120	1.4099875465661005e-01	-2.7864431945311935e-01	5.0855851303289623e-02
0.130	1.4150731316964255e-01	-2.7896163380957162e-01	5.4883170486979049e-02
0.140	1.4205614487451268e-01	-2.7930290800919594e-01	5.8900969520684743e-02
0.150	1.4264515456971885e-01	-2.7966781534605795e-01	6.2908534376897696e-02
0.160	1.4327423991348809e-01	-2.8005600573111999e-01	6.6905149209553649e-02
0.170	1.4394329140558357e-01	-2.8046710586672724e-01	7.0890096253947654e-02
0.180	1.4465219236812246e-01	-2.8090071943277656e-01	7.4862655731569583e-02
0.190	1.4540081892543846e-01	-2.8135642728467786e-01	7.8822105760118721e-02
0.200	1.4618903998304078e-01	-2.8183378766299466e-01	8.2767722269167621e-02
0.210	1.4701671720573242e-01	-2.8233233641463895e-01	8.6698778921472819e-02
0.220	1.4788370499494696e-01	-2.8285158722578307e-01	9.0614547040570259e-02
0.230	1.4878985046535231e-01	-2.8339103186601988e-01	9.4514295544501858e-02
0.240	1.4973499342079696e-01	-2.8395014044418970e-01	9.8397290886350297e-02
0.250	1.5071896632966136e-01	-2.8452836167535495e-01	1.0226279700139712e-01
0.260	1.5174159429967471e-01	-2.8512512315926181e-01	1.0611007526161587e-01
0.270	1.5280269505229119e-01	-2.8573983166974026e-01	1.0993838443727699e-01
0.280	1.5390207889666338e-01	-2.8637187345544790e-01	1.1374698066631100e-01
0.290	1.5503954870332656e-01	-2.8702061455143685e-01	1.1753511743122125e-01
0.300	1.5621489987763956e-01	-2.8768540110183460e-01	1.2130204554420493e-01
0.310	1.5742792033308128e-01	-2.8836555969315242e-01	1.2504701314029615e-01
0.320	1.5867839046448409e-01	-2.8906039769847097e-01	1.2876926567900898e-01
0.330	1.5996608312127295e-01	-2.8976920363214215e-01	1.3246804595440814e-01
0.340	1.6129076358081790e-01	-2.9049124751504357e-01	1.3614259411399782e-01
0.350	1.6265218952195779e-01	-2.9122578125027804e-01	1.3979214768660136e-01
0.360	1.6405011099882449e-01	-2.9197203900891694e-01	1.4341594161902632e-01
0.370	1.6548427041501457e-01	-2.9272923762621622e-01	1.4701320832224224e-01
0.380	1.6695440249823737e-01	-2.9349657700748683e-01	1.5058317772655344e-01
0.390	1.6846023427550255e-01	-2.9427324054423060e-01	1.5412507734664876e-01
0.400	1.7000148504896881e-01	-2.9505839553951213e-01	1.5763813235567714e-01
0.410	1.7157786637252495e-01	-2.9585119364351309e-01	1.6112156566956420e-01
0.420	1.7318908202922115e-01	-2.9665077129790723e-01	1.6457459804049990e-01
0.430	1.7483482800962546e-01	-2.9745625019010746e-01	1.6799644816087744e-01
0.440	1.7651479249123547e-01	-2.9826673771604229e-01	1.7138633277647480e-01
0.450	1.7822865581899863e-01	-2.9908132745250443e-01	1.7474346681027986e-01
0.460	1.7997609048710220e-01	-2.9989909963763073e-01	1.7806706349562157e-01
0.470	1.8175676112205841e-01	-3.0071912166063025e-01	1.8135633451999394e-01
0.480	1.8357032446725854e-01	-3.0154044855932610e-01	1.8461049017836156e-01
0.490	1.8541642936904254e-01	-3.0236212352648600e-01	1.8782873953707696e-01
0.500	1.8729471676441142e-01	-3.0318317842363834e-01	1.9101029060727370e-01
0.510	1.8920481967048539e-01	-3.0400263430331353e-01	1.9415435052893598e-01
0.520	1.9114636317577519e-01	-3.0481950193831581e-01	1.9726012576440660e-01
0.530	1.9311896443341978e-01	-3.0563278235897490e-01	2.0032682230242266e-01
0.540	1.9512223265644490e-01	-3.0644146739707140e-01	2.0335364587154037e-01
0.550	1.9715576911515856e-01	-3.0724454023732783e-01	2.0633980216404207e-01
0.560	1.9921916713679996e-01	-3.0804097597497010e-01	2.0928449706898555e-01
0.570	2.0131201210748936e-01	-3.0882974218054593e-01	2.1218693691567941e-01
0.580	2.0343388147664551e-01	-3.0960979947033845e-01	2.1504632872608409e-01
0.590	2.0558434476390725e-01	-3.1038010208333844e-01	2.1786188047727018e-01
0.600	2.0776296356868026e-01	-3.1113959846370376e-01	2.2063280137297669e-01
0.610	2.0996929158240946e-01	-3.1188723184884615e-01	2.2335830212451341e-01
0.620	2.1220287460365447e-01	-3.1262194086278600e-01	2.2603759524076478e-01
0.630	2.1446325055606330e-01	-3.1334266011450312e-01	2.2866989532715915e-01
0.640	2.1674994950933385e-01	-3.1404832080097306e-01	2.3125441939340274e-01
0.650	2.1906249370326927e-01	-3.1473785131473442e-01	2.3379038716990347e-01
0.660	2.2140039757496766e-01	-3.1541017785548658e-01	2.3627702143244944e-01
0.670	2.2376316778929328e-01	-3.1606422504574205e-01	2.3871354833531527e-01
0.680	2.2615030327264438e-01	-3.1669891654987298e-01	2.4109919775220506e-01
0.690	2.2856129525016650e-01	-3.1731317569656664e-01	2.4343320362506726e-01
0.700	2.3099562728641709e-01	-3.1790592610420110e-01	2.4571480432044346e-01
0.710	2.3345277532962203e-01	-3.1847609230887786e-01	2.4794324299308090e-01
0.720	2.3593220775955231e-01	-3.1902260039483954e-01	2.5011776795664403e-01
0.730	2.3843338543911877e-01	-3.1954437862690549e-01	2.5223763306121616e-01
0.740	2.4095576176973091e-01	-3.2004035808456488e-01	2.5430209807724341e-01
0.750	2.4349878275050349e-01	-3.2050947329752638e-01	2.5631042908578106e-01
0.760	2.4606188704136125e-01	-3.2095066288224738e-01	2.5826189887461393e-01
0.770	2.4864450603010710e-01	-3.2136287017922449e-01	2.6015578734007538e-01
0.780	2.5124606390350690e-01	-3.2174504389055525e-01	2.6199138189407944e-01
0.790	2.5386597772244940e-01	-3.2209613871763787e-01	2.6376797787625733e-01
0.800	2.5650365750121173e-01	-3.2241511599845724e-01	2.6548487897068723e-01
0.810	2.5915850629091824e-01	-3.2270094434422053e-01	2.6714139762700612e-01
0.820	2.6182992026718876e-01	-3.2295260027486900e-01	2.6873685548540521e-01
0.830	2.6451728882204245e-01	-3.2316906885347080e-01	2.7027058380553481e-01
0.840	2.6721999466009777e-01	-3.2334934431827156e-01	2.7174192389810875e-01
0.850	2.6993741389907949e-01	-3.2349243071349248e-01	2.7315022756031054e-01
0.860	2.7266891617468275e-01	-3.2359734251654998e-01	2.7449485751262737e-01
0.870	2.7541386474980822e-01	-3.2366310526359143e-01	2.7577518783903010e-01
0.880	2.7817161662819828e-01	-3.2368875617059045e-01	2.7699060442771706e-01
0.890	2.8094152267247485e-01	-3.2367334475198595e-01	2.7814050541441060e-01
0.900	2.8372292772661878e-01	-3.2361593343424966e-01	2.7922430162554857e-01
0.910	2.8651517074287403e-01	-3.2351559816611697e-01	2.8024141702307415e-01
0.920	2.8931758491310561e-01	-3.2337142902304572e-01	2.8119128914839631e-01
0.930	2.9212949780458980e-01	-3.2318253080759840e-01	2.8207336956717022e-01
0.940	2.9495023150026045e-01	-3.2294802364324360e-01	2.8288712431235252e-01
0.950	2.9777910274338509e-01	-3.2266704356338538e-01	2.8363203432731210e-01
0.960	3.0061542308665784e-01	-3.2233874309295485e-01	2.8430759590628718e-01
0.970	3.0345849904572075e-01	-3.2196229182458869e-01	2.8491332113420043e-01
0.980	3.0630763225706392e-01	-3.2153687698653832e-01	2.8544873832288664e-01
0.990	3.0916211964029178e-01	-3.2106170400434275e-01	2.8591339244576164e-01
1.000	3.1202125356475141e-01	-3.2053599705370173e-01	2.8630684556828523e-01
1.010	3.1488432202043271e-01	-3.1995899960597907e-01	2.8662867727562880e-01
1.020	3.1775060879318928e-01	-3.1932997496464999e-01	2.8687848509580227e-01
1.030	3.2061939364414710e-01	-3.1864820679323891e-01	2.8705588491870992e-01
1.040	3.2348995249333484e-01	-3.1791299963349406e-01	2.8716051140984727e-01
1.050	3.2636155760743357e-01	-3.1712367941449177e-01	2.8719201841928133e-01
1.060	3.2923347779162582e-01	-3.1627959395126137e-01	2.8715007938440851e-01
1.070	3.3210497858547000e-01	-3.1538011343342132e-01	2.8703438772695272e-01
1.080	3.3497532246273992e-01	-3.1442463090259415e-01	2.8684465724291336e-01
1.090	3.3784376903516861e-01	-3.1341256271946688e-01	2.8658062248622657e-01
1.100	3.4070957526003010e-01	-3.1234334901846744e-01	2.8624203914408475e-01
1.110	3.4357199565147156e-01	-3.1121645415186439e-01	2.8582868440562847e-01
1.120	3.4643028249552715e-01	-3.1003136712044732e-01	2.8534035732111529e-01
1.130	3.4928368606873872e-01	-3.0878760199298527e-01	2.8477687915369826e-01
1.140	3.5213145486027608e-01	-3.0748469831171016e-01	2.8413809372095872e-01
1.150	3.5497283579748534e-01	-3.0612222148612761e-01	2.8342386772846551e-01
1.160	3.5780707447477073e-01	-3.0469976317181202e-01	2.8263409109193421e-01
1.170	3.6063341538568983e-01	-3.0321694163698371e-01	2.8176867725068999e-01
1.180	3.6345110215819559e-01	-3.0167340211369764e-01	2.8082756346921883e-01
1.190	3.6625937779288847e-01	-3.0006881713616468e-01	2.7981071112924133e-01
1.200	3.6905748490418083e-01	-2.9840288686293054e-01	2.7871810600896402e-01
1.210	3.7184466596427029e-01	-2.9667533938553686e-01	2.7754975855205594e-01
1.220	3.7462016354979033e-01	-2.9488593102086363e-01	2.7630570412348643e-01
1.230	3.7738322059102480e-01	-2.9303444658924072e-01	2.7498600325421413e-01
1.240	3.8013308062356749e-01	-2.9112069967561621e-01	2.7359074187196458e-01
1.250	3.8286898804228725e-01	-2.8914453287599623e-01	2.7212003152023539e-01
1.260	3.8559018835748932e-01	-2.8710581802660490e-01	2.7057400956287952e-01
1.270	3.8829592845311811e-01	-2.8500445641791411e-01	2.6895283937636955e-01
1.280	3.9098545684688191e-01	-2.8284037899071640e-01	2.6725671052682504e-01
1.290	3.9365802395214960e-01	-2.8061354651670062e-01	2.6548583893419586e-01
1.300	3.9631288234149165e-01	-2.7832394976074704e-01	2.6364046702074800e-01
1.310	3.9894928701169957e-01	-2.7597160962750705e-01	2.6172086384632792e-01
1.320	4.0156649565016317e-01	-2.7355657728902344e-01	2.5972732522710573e-01
1.330	4.0416376890243427e-01	-2.7107893429635266e-01	2.5766017384068574e-01
1.340	4.0674037064084057e-01	-2.6853879267209491e-01	2.5551975931440091e-01
1.350	4.0929556823398583e-01	-2.6593629498667176e-01	2.5330645829957704e-01
1.360	4.1182863281698145e-01	-2.6327161441499686e-01	2.5102067452833421e-01
1.370	4.1433883956226508e-01	-2.6054495477663797e-01	2.4866283885595269e-01
1.380	4.1682546795082437e-01	-2.5775655055660723e-01	2.4623340928587839e-01
1.390	4.1928780204368288e-01	-2.5490666690882741e-01	2.4373287097933116e-01
1.400	4.2172513075347551e-01	-2.5199559964062357e-01	2.4116173624781168e-01
1.410	4.2413674811595414e-01	-2.4902367517942892e-01	2.3852054452962823e-01
1.420	4.2652195356125050e-01	-2.4599125052029025e-01	2.3580986234894996e-01
1.430	4.2888005218474035e-01	-2.4289871315581046e-01	2.3303028325896930e-01
1.440	4.3121035501732952e-01	-2.3974648098684409e-01	2.3018242776742087e-01
1.450	4.3351217929500341e-01	-2.3653500221525059e-01	2.2726694324569963e-01
1.460	4.3578484872746104e-01	-2.3326475521751788e-01	2.2428450382032300e-01
1.470	4.3802769376566403e-01	-2.2993624840071208e-01	2.2123581024814065e-01
1.480	4.4024005186814552e-01	-2.2655002003911551e-01	2.1812158977357837e-01
1.490	4.4242126776588009e-01	-2.2310663809328540e-01	2.1494259596960108e-01
1.500	4.4457069372557689e-01	-2.1960670000985727e-01	2.1169960856065884e-01
1.510	4.4668768981118312e-01	-2.1605083250401913e-01	2.0839343322947457e-01
1.520	4.4877162414347871e-01	-2.1243969132287005e-01	2.0502490140583990e-01
1.530	4.5082187315753636e-01	-2.0877396099160050e-01	2.0159487003929621e-01
1.540	4.5283782185792948e-01	-2.0505435454061721e-01	1.9810422135376865e-01
1.550	4.5481886407146682e-01	-2.0128161321595772e-01	1.9455386258644969e-01
1.560	4.5676440269733293e-01	-1.9745650617093979e-01	1.9094472570881482e-01
1.570	4.5867384995442034e-01	-1.9357983014114832e-01	1.8727776713183025e-01
1.580	4.6054662762573823e-01	-1.8965240910108999e-01	1.8355396739363344e-01
1.590	4.6238216729967568e-01	-1.8567509390464271e-01	1.7977433083175426e-01
1.600	4.6417991060799219e-01	-1.8164876190748930e-01	1.7593988523802861e-01
1.610	4.6593930946037276e-01	-1.7757431657366574e-01	1.7205168149828198e-01
1.620	4.6765982627535563e-01	-1.7345268706455585e-01	1.6811079321507039e-01
1.630	4.6934093420750622e-01	-1.6928482781257698e-01	1.6411831631568202e-01
1.640	4.7098211737066270e-01	-1.6507171807759657e-01	1.6007536864338734e-01
1.650	4.7258287105709607e-01	-1.6081436148879147e-01	1.5598308953461504e-01
1.660	4.7414270195244285e-01	-1.5651378556956397e-01	1.5184263937962672e-01
1.670	4.7566112834623892e-01	-1.5217104124850223e-01	1.4765519916962955e-01
1.680	4.7713768033793524e-01	-1.4778720235403053e-01	1.4342197002794210e-01
1.690	4.7857190003821465e-01	-1.4336336509579828e-01	1.3914417272821911e-01
1.700	4.7996334176549688e-01	-1.3890064753024700e-01	1.3482304719713989e-01
1.710	4.8131157223746757e-01	-1.3440018901353490e-01	1.3045985200470489e-01
1.720	4.8261617075751495e-01	-1.2986314963948653e-01	1.2605586383976797e-01
1.730	4.8387672939591286e-01	-1.2529070966560518e-01	1.2161237697381522e-01
1.740	4.8509285316565109e-01	-1.2068406892466144e-01	1.1713070271046977e-01
1.750	4.8626416019275626e-01	-1.1604444622518495e-01	1.1261216882401315e-01
1.760	4.8739028188099653e-01	-1.1137307873837288e-01	1.0805811898441231e-01
1.770	4.8847086307084053e-01	-1.0667122137459784e-01	1.0346991217200241e-01
1.780	4.8950556219256058e-01	-1.0194014614724167e-01	9.8848922079525170e-02
1.790	4.9049405141335578e-01	-9.7181141526791970e-02	9.4196536504430106e-02
1.800	4.9143601677839999e-01	-9.2395511783229189e-02	8.9514156729444294e-02
1.810	4.9233115834569496e-01	-8.7584576319630458e-02	8.4803196894305266e-02
1.820	4.9317919031463797e-01	-8.2749668994798187e-02	8.0065083356446576e-02
1.830	4.9397984114820254e-01	-7.7892137437944764e-02	7.5301254043642518e-02
1.840	4.9473285368863973e-01	-7.3013342353571709e-02	7.0513157796724679e-02
1.850	4.9543798526660626e-01	-6.8114656819146913e-02	6.5702253704957025e-02
1.860	4.9609500780365595e-01	-6.3197465573972933e-02	6.0870010432438226e-02
1.870	4.9670370790797980e-01	-5.8263164301749049e-02	5.6017905538016888e-02
1.880	4.9726388696335955e-01	-5.3313158905429536e-02	5.1147424787302387e-02
1.890	4.9777536121123273e-01	-4.8348864776658229e-02	4.6260061459032165e-02
1.900	4.9823796182582358e-01	-4.3371706058496273e-02	4.1357315644496906e-02
1.910	4.9865153498226872e-01	-3.8383114903811577e-02	3.6440693542376446e-02
1.920	4.9901594191769166e-01	-3.3384530727843753e-02	3.1511706747482604e-02
1.930	4.9933105898516678e-01	-2.8377399457580665e-02	2.6571871536031411e-02
1.940	4.9959677770052696e-01	-2.3363172776290020e-02	2.1622708145775105e-02
1.950	4.9981300478198498e-01	-1.8343307365891459e-02	1.6665740053665057e-02
1.960	4.9997966218252177e-01	-1.3319264145486120e-02	1.1702493249351520e-02
1.970	5.0009668711501543e-01	-8.2925075088923772e-03	6.7344955073548318e-03
1.980	5.0016403207008886e-01	-3.2645045593079347e-03	1.7632756560204688e-03
1.990	5.0018166482664905e-01	1.7632756560204688e-03	-3.2096371538724022e-03
2.000	5.0014956845511049e-01	6.7893629127903643e-03	-8.1827141825303040e-03
2.010	5.0006774131328513e-01	1.1812286575713593e-02	-1.3154427834013327e-02
2.020	4.9993619703494468e-01	1.6830576365137850e-02	-1.8123252390035871e-02
2.030	4.9975496451104467e-01	2.1842763121630693e-02	-2.3087664742118208e-02
2.040	4.9952408786362307e-01	2.6847379570208829e-02	-2.8046145123779009e-02
2.050	4.9924362641238529e-01	3.1842961081284205e-02	-3.2997177839846292e-02
2.060	4.9891365463398685e-01	3.6828046430368355e-02	-3.7939251994935530e-02
2.070	4.9853426211403706e-01	4.1801178553372953e-02	-4.2870862217936900e-02
2.080	4.9810555349185826e-01	4.6760905299597311e-02	-4.7790509384606106e-02
2.090	4.9762764839801216e-01	5.1705780179354288e-02	-5.2696701335218366e-02
2.100	4.9710068138466007e-01	5.6634363108222396e-02	-5.7587953589272767e-02
2.110	4.9652480184876746e-01	6.1545221144914619e-02	-6.2462790054243655e-02
2.120	4.9590017394822467e-01	6.6436929224686192e-02	-6.7319743730303305e-02
2.130	4.9522697651092151e-01	7.1308070885573560e-02	-7.2157357408309475e-02
2.140	4.9450540293683848e-01	7.6157238988904752e-02	-7.6974184362501807e-02
2.150	4.9373566109321371e-01	8.0983036431883870e-02	-8.1768789035710665e-02
2.160	4.9291797320285635e-01	8.5784076853392732e-02	-8.6539747718220539e-02
2.170	4.9205257572567379e-01	9.0558985330864983e-02	-9.1285649218148079e-02
2.180	4.9113971923349237e-01	9.5306399069511105e-02	-9.6005095524609618e-02
2.190	4.9017966827824644e-01	1.0002496808169653e-01	-1.0069670246148305e-01
2.200	4.8917270125363171e-01	1.0471335585776115e-01	-1.0535910033304990e-01
2.210	4.8811911025030114e-01	1.0937024002596568e-01	-1.0999093455920478e-01
2.220	4.8701920090470879e-01	1.1399431300318125e-01	-1.1459086630184517e-01
2.230	4.8587329224169068e-01	1.1858428263380411e-01	-1.1915757307992386e-01
2.240	4.8468171651089170e-01	1.2313887281855290e-01	-1.2368974937481875e-01
2.250	4.8344481901714353e-01	1.2765682413056539e-01	-1.2818610722343604e-01
2.260	4.8216295794490849e-01	1.3213689442075549e-01	-1.3264537680100463e-01
2.270	4.8083650417689855e-01	1.3657785940965927e-01	-1.3706630699078870e-01
2.280	4.7946584110699075e-01	1.4097851326767763e-01	-1.4144766594262309e-01
2.290	4.7805136444756446e-01	1.4533766918112850e-01	-1.4578824161768195e-01
2.300	4.7659348203138768e-01	1.4965415990597825e-01	-1.5008684232134628e-01
2.310	4.7509261360817406e-01	1.5392683830677167e-01	-1.5434229722168830e-01
2.320	4.7354919063595735e-01	1.5815457788249082e-01	-1.5855345685529754e-01
2.330	4.7196365606740459e-01	1.6233627327689781e-01	-1.6271919361800130e-01
2.340	4.7033646413122421e-01	1.6647084077527724e-01	-1.6683840224239077e-01
2.350	4.6866808010880079e-01	1.7055721878523999e-01	-1.7091000025981135e-01
2.360	4.6695898010620285e-01	1.7459436830302671e-01	-1.7493292844825037e-01
2.370	4.6520965082171972e-01	1.7858127336344398e-01	-1.7890615126425180e-01
2.380	4.6342058930907731e-01	1.8251694147500841e-01	-1.8282865726042818e-01
2.390	4.6159230273647350e-01	1.8640040403784797e-01	-1.8669945948611544e-01
2.400	4.5972530814161233e-01	1.9023071674678826e-01	-1.9051759587359274e-01
2.410	4.5782013218287665e-01	1.9400695997637041e-01	-1.9428212960660979e-01
2.420	4.5587731088681055e-01	1.9772823915079635e-01	-1.9799214947421301e-01
2.430	4.5389738939206847e-01	2.0139368509551325e-01	-2.0164677020657634e-01
2.440	4.5188092169000255e-01	2.0500245437332065e-01	-2.0524513279571649e-01
2.450	4.4982847036204543e-01	2.0855372960172436e-01	-2.0878640479781108e-01
2.460	4.4774060631406709e-01	2.1204671975454997e-01	-2.1226978062012708e-01
2.470	4.4561790850786576e-01	2.1548066044455133e-01	-2.1569448178929057e-01
2.480	4.4346096368997306e-01	2.1885481419015157e-01	-2.1905975720402981e-01
2.490	4.4127036611793247e-01	2.2216847066283330e-01	-2.2236488336890264e-01
2.500	4.3904671728424366e-01	2.2542094691837017e-01	-2.2560916461219577e-01
2.510	4.3679062563812182e-01	2.2861158760883943e-01	-2.2879193328493014e-01
2.520	4.3450270630527210e-01	2.3173976517827138e-01	-2.3191254994382260e-01
2.530	4.3218358080583391e-01	2.3480488003884920e-01	-2.3497040351511223e-01
2.540	4.2983387677068291e-01	2.3780636073072381e-01	-2.3796491144231097e-01
2.550	4.2745422765626001e-01	2.4074366406244990e-01	-2.4089551981487883e-01
2.560	4.2504527245811091e-01	2.4361627523501844e-01	-2.4376170348079368e-01
2.570	4.2260765542330309e-01	2.4642370794644713e-01	-2.4656296613997236e-01
2.580	4.2014202576190324e-01	2.4916550448000457e-01	-2.4929884042161254e-01
2.590	4.1764903735768655e-01	2.5184123577309370e-01	-2.5196888794247640e-01
2.600	4.1512934847826211e-01	2.5445050147006176e-01	-2.5457269934937776e-01
2.610	4.1258362148476846e-01	2.5699292995559475e-01	-2.5710989434252535e-01
2.620	4.1001252254134313e-01	2.5946817837204933e-01	-2.5958012168306943e-01
2.630	4.0741672132451240e-01	2.6187593261803099e-01	-2.6198305918215670e-01
2.640	4.0479689073269071e-01	2.6421590733062472e-01	-2.6431841367389242e-01
2.650	4.0215370659595218e-01	2.6648784584953822e-01	-2.6658592097046729e-01
2.660	3.9948784738624715e-01	2.6869152016488385e-01	-2.6878534580116697e-01
2.670	3.9679999392823589e-01	2.7082673084711062e-01	-2.7091648173377370e-01
2.680	3.9409082911089804e-01	2.7289330696117009e-01	-2.7297915108043602e-01
2.690	3.9136103760009366e-01	2.7489110596306765e-01	-2.7497320478615517e-01
2.700	3.8861130555223217e-01	2.7682001358093100e-01	-2.7689852230201378e-01
2.710	3.8584232032921217e-01	2.7867994367880239e-01	-2.7875501144134862e-01
2.720	3.8305477021479833e-01	2.8047083810549212e-01	-2.8054260822120081e-01
2.730	3.8024934413258654e-01	2.8219266652673769e-01	-2.8226127668728224e-01
2.740	3.7742673136571359e-01	2.8384542624254833e-01	-2.8391100872433361e-01
2.750	3.7458762127847001e-01	2.8542914198841596e-01	-2.8549182385055005e-01
2.760	3.7173270303996470e-01	2.8694386572237007e-01	-2.8700376899804791e-01
2.770	3.6886266534998413e-01	2.8838967639643098e-01	-2.8844691827792179e-01
2.780	3.6597819616720456e-01	2.8976667971425030e-01	-2.8982137273167652e-01
2.790	3.6307998243988776e-01	2.9107500787373530e-01	-2.9112726006782630e-01
2.800	3.6016870983920957e-01	2.9231481929656211e-01	-2.9236473438556182e-01
2.810	3.5724506249535420e-01	2.9348629834332846e-01	-2.9353397588423075e-01
2.820	3.5430972273651162e-01	2.9458965501604745e-01	-2.9463519056033033e-01
2.830	3.5136337083090863e-01	2.9562512464678342e-01	-2.9566860989080757e-01
2.840	3.4840668473200037e-01	2.9659296757460096e-01	-2.9663449050483470e-01
2.850	3.4544033982695227e-01	2.9749346880923777e-01	-2.9753311384246639e-01
2.860	3.4246500868852775e-01	2.9832693768360952e-01	-2.9836478580228276e-01
2.870	3.3948136083050484e-01	2.9909370749366682e-01	-2.9912983637653467e-01
2.880	3.3649006246674007e-01	2.9979413512816055e-01	-2.9982861927634319e-01
2.890	3.3349177627397653e-01	3.0042860068603722e-01	-3.0046151154467160e-01
2.900	3.3048716115852989e-01	3.0099750708487522e-01	-3.0102891316047670e-01
2.910	3.2747687202692444e-01	3.0150127965735291e-01	-3.0153124663102715e-01
2.920	3.2446155956061418e-01	3.0194036573954369e-01	-3.0196895657617995e-01
2.930	3.2144186999485258e-01	3.0231523424815915e-01	-3.0234250930173279e-01
2.940	3.1841844490183518e-01	3.0262637525044361e-01	-3.0265239236555247e-01
2.950	3.1539192097817986e-01	3.0287429952348921e-01	-3.0289911413324444e-01
2.960	3.1236292983684755e-01	3.0305953810705744e-01	-3.0308320332744676e-01
2.970	3.0933209780357335e-01	3.0318264184681754e-01	-3.0320520856765554e-01
2.980	3.0630004571789665e-01	3.0324418093178607e-01	-3.0326569790436220e-01
2.990	3.0326738873885312e-01	3.0324474442286775e-01	-3.0326525834440088e-01
3.000	3.0023473615540908e-01	3.0318493977635530e-01	-3.0320449537135941e-01
3.010	2.9720269120169529e-01	3.0306539235953317e-01	-3.0307493604516839e-01
3.020	2.9417194184124368e-01	3.0289584137508230e-01	-3.0288629768944708e-01
3.030	2.9114307886434926e-01	3.0266787018627456e-01	-3.0264831459127045e-01
3.040	2.8811659571843667e-01	3.0237307861916057e-01	-3.0235256469762750e-01
3.050	2.8509307007146012e-01	3.0202125525838341e-01	-3.0199973828580734e-01
3.060	2.8207307268860221e-01	3.0161310776029598e-01	-3.0159054103945798e-01
3.070	2.7905716727820767e-01	3.0114935875219168e-01	-3.0112569353180235e-01
3.080	2.7604591034288906e-01	3.0063074531687545e-01	-3.0060593070712022e-01
3.090	2.7303985103581818e-01	3.0005801847259378e-01	-3.0003200135748492e-01
3.100	2.7003953102224337e-01	2.9943194265211887e-01	-2.9940466759854523e-01
3.110	2.6704548434625808e-01	2.9875329517766314e-01	-2.9872470434102688e-01
3.120	2.6405823730284761e-01	2.9802286573584541e-01	-2.9799289876217117e-01
3.130	2.6107830831522616e-01	2.9724145584944694e-01	-2.9721004977384546e-01
3.140	2.5810620781748739e-01	2.9640987834995014e-01	-2.9637696749131576e-01
3.150	2.5514243814257431e-01	2.9552895684754393e-01	-2.9549447269936130e-01
3.160	2.5218749341558050e-01	2.9459952520251348e-01	-2.9456339631964562e-01
3.170	2.4924185945238461e-01	2.9362242699527574e-01	-2.9358457887660250e-01
3.180	2.4630601366361826e-01	2.9259851499812595e-01	-2.9255886996489733e-01
3.190	2.4338042496396925e-01	2.9152865064680655e-01	-2.9148712771657281e-01
3.200	2.4046555368680314e-01	2.9041370351404450e-01	-2.9037021827002030e-01
3.210	2.3756185150410344e-01	2.8925455078383167e-01	-2.8920901523954878e-01
3.220	2.3466976135170783e-01	2.8805207672849392e-01	-2.8800439918759163e-01
3.230	2.3178971735983181e-01	2.8680717218716473e-01	-2.8675725709816502e-01
3.240	2.2892214478884990e-01	2.8552073404760236e-01	-2.8546848185351137e-01
3.250	2.2606745997031563e-01	2.8419366473005209e-01	-2.8413897171262592e-01
3.260	2.2322607025318866e-01	2.8282687167530879e-01	-2.8276962979381798e-01
3.270	2.2039837395525064e-01	2.8142126683548963e-01	-2.8136136355981178e-01
3.280	2.1758476031965276e-01	2.7997776616944314e-01	-2.7991508430730905e-01
3.290	2.1478560947657957e-01	2.7849728914147370e-01	-2.7843170665968847e-01
3.300	2.1200129240998331e-01	2.7698075822551349e-01	-2.7691214806496894e-01
3.310	2.0923217092933322e-01	2.7542909841321156e-01	-2.7535732829750292e-01
3.320	2.0647859764635743e-01	2.7384323672787347e-01	-2.7376816896532730e-01
3.330	2.0374091595670443e-01	2.7222410174282097e-01	-2.7214559302173819e-01
3.340	2.0101946002648755e-01	2.7057262310640501e-01	-2.7049052428331744e-01
3.350	1.9831455478365431e-01	2.6888973107193948e-01	-2.6880388695267354e-01
3.360	1.9562651591412708e-01	2.6717635603461487e-01	-2.6708660514795179e-01
3.370	1.9295564986264813e-01	2.6543342807387904e-01	-2.6533960243759591e-01
3.380	1.9030225383827162e-01	2.6366187650338957e-01	-2.6356380138246049e-01
3.390	1.8766661582444655e-01	2.6186262942695371e-01	-2.6176012308368596e-01
3.400	1.8504901459361034e-01	2.6003661330232081e-01	-2.5992948673819516e-01
3.410	1.8244971972622800e-01	2.5818475251133610e-01	-2.5807280920031594e-01
3.420	1.7986899163422490e-01	2.5630796893870683e-01	-2.5619100455177624e-01
3.430	1.7730708158870689e-01	2.5440718155710323e-01	-2.5428498367778724e-01
3.440	1.7476423175192979e-01	2.5248330602169594e-01	-2.5235565385231329e-01
3.450	1.7224067521340597e-01	2.5053725427105666e-01	-2.5040391832944875e-01
3.460	1.6973663603011174e-01	2.4856993413781736e-01	-2.4843067594429213e-01
3.470	1.6725232927066908e-01	2.4658224896630659e-01	-2.4643682072053136e-01
3.480	1.6478796106346327e-01	2.4457509724016963e-01	-2.4442324148774069e-01
3.490	1.6234372864858584e-01	2.4254937221709588e-01	-2.4239082150550872e-01
3.500	1.5991982043353092e-01	2.4050596157382270e-01	-2.4034043809755967e-01
3.510	1.5751641605255587e-01	2.3844574705870364e-01	-2.3827296229315242e-01
3.520	1.5513368642962405e-01	2.3636960415474734e-01	-2.3618925847865657e-01
3.530	1.5277179384483755e-01	2.3427840175031167e-01	-2.3409018405648607e-01
3.540	1.5043089200427268e-01	2.3217300182044148e-01	-2.3197658911437213e-01
3.550	1.4811112611312849e-01	2.3005425911624666e-01	-2.2984931610236842e-01
3.560	1.4581263295210509e-01	2.2792302086509497e-01	-2.2770919952035573e-01
3.570	1.4353554095690146e-01	2.2578012647882317e-01	-2.2555706561324607e-01
3.580	1.4127997030076844e-01	2.2362640727292604e-01	-2.2339373207683932e-01
3.590	1.3904603298000107e-01	2.2146268619395562e-01	-2.2122000777155973e-01
3.600	1.3683383290228562e-01	2.1928977755815798e-01	-2.1903669244709489e-01
3.610	1.3464346597781504e-01	2.1710848679813677e-01	-2.1684457647472005e-01
3.620	1.3247502021306820e-01	2.1491961022080980e-01	-2.1464444059057036e-01
3.630	1.3032857580716184e-01	2.1272393477371423e-01	-2.1243705564690976e-01
3.640	1.2820420525069232e-01	2.1052223782253104e-01	-2.1022318237426357e-01
3.650	1.2610197342695059e-01	2.0831528693687953e-01	-2.0800357115145976e-01
3.660	1.2402193771543528e-01	2.0610383968730700e-01	-2.0577896178649918e-01
3.670	1.2196414809757072e-01	2.0388864345086813e-01	-2.0355008330564442e-01
3.680	1.1992864726451365e-01	2.0167043522742040e-01	-2.0131765375284905e-01
3.690	1.1791547072698486e-01	1.9944994146488923e-01	-1.9908237999777570e-01
3.700	1.1592464692700703e-01	1.9722787789494106e-01	-1.9684495755383757e-01
3.710	1.1395619735146979e-01	1.9500494937752710e-01	-1.9460607040472039e-01
3.720	1.1201013664742257e-01	1.9278184975594842e-01	-1.9236639084103185e-01
3.730	1.1008647273901154e-01	1.9055926172066515e-01	-1.9012657930529717e-01
3.740	1.0818520694595855e-01	1.8833785668338490e-01	-1.8788728424683146e-01
3.750	1.0630633410349032e-01	1.8611829465976581e-01	-1.8564914198482030e-01
3.760	1.0444984268364220e-01	1.8390122416244559e-01	-1.8341277658131616e-01
3.770	1.0261571491782935e-01	1.8168728210248364e-01	-1.8117879972223450e-01
3.780	1.0080392692060572e-01	1.7947709370086926e-01	-1.7894781060799861e-01
3.790	9.9014448814526160e-02	1.7727127240825863e-01	-1.7672039585199273e-01
3.800	9.7247244856005846e-02	1.7507041983473992e-01	-1.7449712938862016e-01
3.810	9.5502273562119946e-02	1.7287512568765118e-01	-1.7227857238898725e-01
3.820	9.3779487838229703e-02	1.7068596771902245e-01	-1.7006527318578335e-01
3.830	9.2078835106372103e-02	1.6850351168096778e-01	-1.6785776720567902e-01
3.840	9.0400257434315581e-02	1.6632831129050329e-01	-1.6565657691071678e-01
3.850	8.8743691665207222e-02	1.6416090820213636e-01	-1.6346221174703779e-01
3.860	8.7109069547737575e-02	1.6200183198953000e-01	-1.6127516810224690e-01
3.870	8.5496317866714855e-02	1.5985160013461303e-01	-1.5909592926978522e-01
3.880	8.3905358574017055e-02	1.5771071802572101e-01	-1.5692496542189416e-01
3.890	8.2336108919798146e-02	1.5557967896284541e-01	-1.5476273358924830e-01
3.900	8.0788481583906280e-02	1.5345896417155269e-01	-1.5260967764881683e-01
3.910	7.9262384807417943e-02	1.5134904282369988e-01	-1.5046622831808276e-01
3.920	7.7757722524237377e-02	1.4925037206676472e-01	-1.4833280315743563e-01
3.930	7.6274394492662476e-02	1.4716339705938625e-01	-1.4620980657833593e-01
3.940	7.4812296426879213e-02	1.4508855101546558e-01	-1.4409762985960151e-01
3.950	7.3371320128283346e-02	1.4302625525401480e-01	-1.4199665116900595e-01
3.960	7.1951353616593161e-02	1.4097691925722022e-01	-1.3990723559265628e-01
3.970	7.0552281260666649e-02	1.3894094073408414e-01	-1.3782973516951696e-01
3.980	6.9173983908971920e-02	1.3691870569191228e-01	-1.3576448893335030e-01
3.990	6.7816339019637684e-02	1.3491058851297516e-01	-1.3371182295940504e-01
4.000	6.6479220790043661e-02	1.3291695203868237e-01	-1.3167205041819474e-01
4.010	6.5162500285862568e-02	1.3093814765867356e-01	-1.2964547163377554e-01
4.020	6.3866045569524174e-02	1.2897451540712807e-01	-1.2763237414882839e-01
4.030	6.2589721828035544e-02	1.2702638406349126e-01	-1.2563303279375132e-01
4.040	6.1333391500098304e-02	1.2509407126009880e-01	-1.2364770976224682e-01
4.050	6.0096914402476061e-02	1.2317788359401094e-01	-1.2167665469072347e-01
4.060	5.8880147855568950e-02	1.2127811674531952e-01	-1.1972010474378192e-01
4.070	5.7682946808130145e-02	1.1939505559924490e-01	-1.1777828470311036e-01
4.080	5.6505163961100058e-02	1.1752897437438531e-01	-1.1585140706215907e-01
4.090	5.5346649890477696e-02	1.1568013675446981e-01	-1.1393967212395489e-01
4.100	5.4207253169239626e-02	1.1384879602587489e-01	-1.1204326810432569e-01
4.110	5.3086820488196469e-02	1.1203519521826705e-01	-1.1016237123790590e-01
4.120	5.1985196775816797e-02	1.1023956725060519e-01	-1.0829714588917000e-01
4.130	5.0902225316925578e-02	1.0846213507999009e-01	-1.0644774466599066e-01
4.140	4.9837747870265112e-02	1.0670311185557584e-01	-1.0461430853794977e-01
4.150	4.8791604784885458e-02	1.0496270107483008e-01	-1.0279696695670304e-01
4.160	4.7763635115319461e-02	1.0324109674450399e-01	-1.0099583798077194e-01
4.170	4.6753676735510778e-02	1.0153848354378747e-01	-9.9211028402252710e-02
4.180	4.5761566451489093e-02	9.9855036991574317e-02	-9.7442633877384374e-02
4.190	4.4787140112715028e-02	9.8190923615781939e-02	-9.5690739058934909e-02
4.200	4.3830232722124864e-02	9.6546301126277947e-02	-9.3955417731975591e-02
4.210	4.2890678544805494e-02	9.4921318589542378e-02	-9.2236732951190656e-02
4.220	4.1968311215293590e-02	9.3316116606648736e-02	-9.0534737181323488e-02
4.230	4.1062963843480384e-02	9.1730827492634434e-02	-8.8849472438849761e-02
4.240	4.0174469119092275e-02	9.0165575458796332e-02	-8.7180970436434579e-02
4.250	3.9302659414727735e-02	8.8620476796028830e-02	-8.5529252728312216e-02
4.260	3.8447366887445510e-02	8.7095640060824736e-02	-8.3894330858229255e-02
4.270	3.7608423578862404e-02	8.5591166261986484e-02	-8.2276206508025918e-02
4.280	3.6785661513782313e-02	8.4107149049603785e-02	-8.0674871648431984e-02
4.290	3.5978912797298500e-02	8.2643674904424258e-02	-7.9090308690232425e-02
4.300	3.5188009710395263e-02	8.1200823329229566e-02	-7.7522490637439490e-02
4.310	3.4412784804021122e-02	7.9778667040294626e-02	-7.5971381240576064e-02
4.320	3.3653070991614964e-02	7.8377272160469913e-02	-7.4436935151640182e-02
4.330	3.2908701640098827e-02	7.6996698412036602e-02	-7.2919098078929712e-02
4.340	3.2179510659309220e-02	7.5636999310961017e-02	-7.1417806943381734e-02
4.350	3.1465332589875335e-02	7.4298222360592581e-02	-6.9932990034504150e-02
4.360	3.0766002689530884e-02	7.2980409246429345e-02	-6.8464567167556556e-02
4.370	3.0081357017855099e-02	7.1683596030025276e-02	-6.7012449840087807e-02
4.380	2.9411232519454947e-02	7.0407813343747405e-02	-6.5576541389570864e-02
4.390	2.8755467105558711e-02	6.9153086584378243e-02	-6.4156737150169008e-02
4.400	2.8113899734057205e-02	6.7919436107238607e-02	-6.2752924610344096e-02
4.410	2.7486370487953726e-02	6.6706877418886146e-02	-6.1364983569400899e-02
4.420	2.6872720652259593e-02	6.5515421370166527e-02	-5.9992786294782607e-02
4.430	2.6272792789311890e-02	6.4345074347441800e-02	-5.8636197677981117e-02
4.440	2.5686430812531514e-02	6.3195838464027987e-02	-5.7295075391139483e-02
4.450	2.5113480058620932e-02	6.2067711749496934e-02	-5.5969270042040220e-02
4.460	2.4553787358199464e-02	6.0960688338924429e-02	-5.4658625329606081e-02
4.470	2.4007201104904164e-02	5.9874758659803101e-02	-5.3362978197677907e-02
4.480	2.3473571322927544e-02	5.8809909618686797e-02	-5.2082158989179318e-02
4.490	2.2952749733035457e-02	5.7766124785198263e-02	-5.0815991598350034e-02
4.500	2.2444589817051910e-02	5.6743384575559219e-02	-4.9564293623254485e-02
4.510	2.1948946880819744e-02	5.5741666433297865e-02	-4.8326876516267603e-02
4.520	2.1465678115656538e-02	5.4760945009263359e-02	-4.7103545734718796e-02
4.530	2.0994642658309193e-02	5.3801192338566797e-02	-4.5894100889368142e-02
4.540	2.0535701649416149e-02	5.2862378016616404e-02	-4.4698335892931693e-02
4.550	2.0088718290486432e-02	5.1944469371934865e-02	-4.3516039106397564e-02
4.560	1.9653557899423173e-02	5.1047431637856737e-02	-4.2346993485286082e-02
4.570	1.9230087964569865e-02	5.0171228120782230e-02	-4.1190976723587791e-02
4.580	1.8818178197333356e-02	4.9315820367139274e-02	-4.0047761397587811e-02
4.590	1.8417700583358055e-02	4.8481168326744983e-02	-3.8917115107321598e-02
4.600	1.8028529432284304e-02	4.7667230514699566e-02	-3.7798800617858341e-02
4.610	1.7650541426105917e-02	4.6873964169485638e-02	-3.6692575998145016e-02
4.620	1.7283615666124380e-02	4.6101325409425242e-02	-3.5598194759623891e-02
4.630	1.6927633718527121e-02	4.5349269385207114e-02	-3.4515405992394887e-02
4.640	1.6582479658604495e-02	4.4617750430642089e-02	-3.3443954501145901e-02
4.650	1.6248040113591659e-02	4.3906722209280991e-02	-3.2383580938552869e-02
4.660	1.5924204304206900e-02	4.3216137859115045e-02	-3.1334021938430212e-02
4.670	1.5610864084821690e-02	4.2545950133069221e-02	-3.0295010246406406e-02
4.680	1.5307913982358614e-02	4.1896111537351233e-02	-2.9266274850256513e-02
4.690	1.5015251233856072e-02	4.1266574465540551e-02	-2.8247541107846497e-02
4.700	1.4732775822777692e-02	4.0657291330348955e-02	-2.7238530874681869e-02
4.710	1.4460390514030707e-02	4.0068214691007402e-02	-2.6238962629089143e-02
4.720	1.4198000887739646e-02	3.9499297378231921e-02	-2.5248551597052180e-02
4.730	1.3945515371769128e-02	3.8950492614693202e-02	-2.4267009874695333e-02
4.740	1.3702845273022811e-02	3.8421754132938232e-02	-2.3294046550434475e-02
4.750	1.3469904807517624e-02	3.7913036288714633e-02	-2.2329367824822720e-02
4.760	1.3246611129269802e-02	3.7424294171652862e-02	-2.1372677130108077e-02
4.770	1.3032884357969116e-02	3.6955483711272628e-02	-2.0423675247547256e-02
4.780	1.2828647605493486e-02	3.6506561780222969e-02	-1.9482060424461579e-02
4.790	1.2633827001249312e-02	3.6077486292752946e-02	-1.8547528489100316e-02
4.800	1.2448351716358374e-02	3.5668216300363466e-02	-1.7619772965336601e-02
4.810	1.2272153986705361e-02	3.5278712082599438e-02	-1.6698485185224286e-02
4.820	1.2105169134853553e-02	3.4908935234938522e-02	-1.5783354401459088e-02
4.830	1.1947335590838114e-02	3.4558848751722965e-02	-1.4874067897755404e-02
4.840	1.1798594911860288e-02	3.4228417106167044e-02	-1.3970311099243141e-02
4.850	1.1658891800867833e-02	3.3917606325318303e-02	-1.3071767680839548e-02
4.860	1.1528174124059527e-02	3.3626384062034012e-02	-1.2178119675739689e-02
4.870	1.1406392927302075e-02	3.3354719661835772e-02	-1.1289047581957139e-02
4.880	1.1293502451482843e-02	3.3102584226743954e-02	-1.0404230469081460e-02
4.890	1.1189460146790203e-02	3.2869950673961465e-02	-9.5233460832100190e-03
4.900	1.1094226685960377e-02	3.2656793791439279e-02	-8.6460709521535960e-03
4.910	1.1007765976437876e-02	3.2463090288274578e-02	-7.7720804889436015e-03
4.920	1.0930045171549271e-02	3.2288818841947592e-02	-6.9010490957113462e-03
4.930	1.0861034680592314e-02	3.2133960140362045e-02	-6.0326502659794629e-03
4.940	1.0800708177931197e-02	3.1998496920688208e-02	-5.1665566874478947e-03
4.950	1.0749042611057720e-02	3.1882414002940375e-02	-4.3024403432588062e-03
4.960	1.0706018207625225e-02	3.1785698320392762e-02	-3.4399726139229484e-03
4.970	1.0671618481485057e-02	3.1708338944658285e-02	-2.5788243778049717e-03
4.980	1.0645830237708124e-02	3.1650327107611752e-02	-1.7186661124039201e-03
4.990	1.0628643576583715e-02	3.1611656217946461e-02	-8.5916799430139131e-04
5.000	1.0620051896641289e-02	3.1592321874546324e-02	-1.6114910241730313e-14
